Locus	Replicate	Allele1	Allele2	Allele3
D8S1179	1	10	14
D8S1179	2	10	14
D8S1179	3
D21S11	1	28	29	30	30.2
D21S11	2	28	30
D21S11	3
D7S820	1	10
D7S820	2	10	11
D7S820	3
CSF1PO	1	10	11
CSF1PO	2	10	11
CSF1PO	3
D3S1358	1	14	15	16
D3S1358	2	14	15	16
D3S1358	3
TH01	1	9.3	9.3
TH01	2	9.3	9.3
TH01	3	9.3	9.3
D13S317	1	11	11
D13S317	2	11	11
D13S317	3	11	11
D16S539	1	11	13
D16S539	2	11	13
D16S539	3	11	13
D2S1338	1	20	25
D2S1338	2	20	25
D2S1338	3	20	25
D19S433	1	14	14
D19S433	2	14	14
D19S433	3	14	14
VWA	1	18	18
VWA	2	18	18
VWA	3	18	18
TPOX	1	8	8
TPOX	2	8	8
TPOX	3	8	8
D18S51	1	12	15
D18S51	2	12	15
D18S51	3	12	15
D5S818	1	11	13
D5S818	2	11	13
D5S818	3	11	13
FGA	1	22	22
FGA	2	22	22
FGA	3	22	22
